VICKEY         0.002 87.273    2418
VERGIE         0.002 87.275    2419
VENITA         0.002 87.277    2420
TUAN           0.002 87.279    2421
TRESSA         0.002 87.281    2422
TRESA          0.002 87.283    2423
TRENA          0.002 87.285    2424
TOYA           0.002 87.287    2425
TONEY          0.002 87.289    2426
TOMEKA         0.002 87.291    2427
TITUS          0.002 87.293    2428
TIFFANIE       0.002 87.295    2429
TIERRA         0.002 87.297    2430
THUY           0.002 87.299    2431
TERESSA        0.002 87.301    2432
TERESE         0.002 87.303    2433
TEENA          0.002 87.305    2434
TAWNYA         0.002 87.307    2435
TAWANDA        0.002 87.309    2436
SUSANNAH       0.002 87.311    2437
STARR          0.002 87.313    2438
STARLA         0.002 87.315    2439
STANTON        0.002 87.317    2440
SOON           0.002 87.319    2441
SID            0.002 87.321    2442
SHON           0.002 87.323    2443
SHIRLENE       0.002 87.325    2444
SHERWOOD       0.002 87.327    2445
SHERRILL       0.002 87.329    2446
SHERITA        0.002 87.331    2447
SHERIE         0.002 87.333    2448
SHAYNA         0.002 87.335    2449
SHARLA         0.002 87.337    2450
SHARA          0.002 87.339    2451
SHANTE         0.002 87.341    2452
SHANTA         0.002 87.343    2453
SHAMIKA        0.002 87.345    2454
SHAMEKA        0.002 87.347    2455
SHALONDA       0.002 87.349    2456
SHAINA         0.002 87.351    2457
SHAD           0.002 87.353    2458
SCARLETT       0.002 87.355    2459
SANTO          0.002 87.357    2460
SANJUANITA     0.002 87.359    2461
SANJUANA       0.002 87.361    2462
SAMUAL         0.002 87.363    2463
SALINA         0.002 87.365    2464
RUTHANN        0.002 87.367    2465
RUEBEN         0.002 87.369    2466
RUDOLF         0.002 87.371    2467
RUBYE          0.002 87.373    2468
ROXANE         0.002 87.375    2469
ROSINA         0.002 87.377    2470
ROSEANNA       0.002 87.379    2471
RONA           0.002 87.381    2472
ROLF           0.002 87.383    2473
RHIANNON       0.002 87.385    2474
RHETT          0.002 87.387    2475
REY            0.002 87.389    2476
RENATO         0.002 87.391    2477
RENALDO        0.002 87.393    2478
RAYMON         0.002 87.395    2479
RAYFORD        0.002 87.397    2480
RASHAD         0.002 87.399    2481
PRUDENCE       0.002 87.401    2482
PORTER         0.002 87.403    2483
PHYLISS        0.002 87.405    2484
PHYLIS         0.002 87.407    2485
PHUONG         0.002 87.409    2486
PENNIE         0.002 87.411    2487
PEGGIE         0.002 87.413    2488
PALMER         0.002 87.415    2489
OSWALDO        0.002 87.417    2490
ORPHA          0.002 87.419    2491
OK             0.002 87.421    2492
NYDIA          0.002 87.423    2493
NOVELLA        0.002 87.425    2494
NOVA           0.002 87.427    2495
NILA           0.002 87.429    2496
NICOLA         0.002 87.431    2497
NEVILLE        0.002 87.433    2498
NENA           0.002 87.435    2499
NATIVIDAD      0.002 87.437    2500
NATHANIAL      0.002 87.439    2501
NATHANAEL      0.002 87.441    2502
NANNETTE       0.002 87.443    2503
NANCI          0.002 87.445    2504
MYRIAM         0.002 87.447    2505
MOSE           0.002 87.449    2506
MODESTO        0.002 87.451    2507
MITTIE         0.002 87.453    2508
MIRIAN         0.002 87.455    2509
MIREYA         0.002 87.457    2510
MIQUEL         0.002 87.459    2511
MILAN          0.002 87.461    2512
MICHALE        0.002 87.463    2513
META           0.002 87.465    2514
MELONY         0.002 87.467    2515
MELINA         0.002 87.469    2516
MEAGHAN        0.002 87.471    2517
MAYBELLE       0.002 87.473    2518
MAXIE          0.002 87.475    2519
MARYLIN        0.002 87.477    2520
MARVEL         0.002 87.479    2521
MARTI          0.002 87.481    2522
MARQUERITE     0.002 87.483    2523
MARNIE         0.002 87.485    2524
MARITA         0.002 87.487    2525
MARILEE        0.002 87.489    2526
MARIANN        0.002 87.491    2527
MARGARETTE     0.002 87.493    2528
MARCELLUS      0.002 87.495    2529
MARCELINA      0.002 87.497    2530
MARANDA        0.002 87.499    2531
MANUAL         0.002 87.501    2532
MALIK          0.002 87.503    2533
MALCOM         0.002 87.505    2534
MAGNOLIA       0.002 87.507    2535
MAGDALENE      0.002 87.509    2536
MACKENZIE      0.002 87.511    2537
LYNWOOD        0.002 87.513    2538
LYNDSEY        0.002 87.515    2539
LULU           0.002 87.517    2540
LUIGI          0.002 87.519    2541
LUCIUS         0.002 87.521    2542
LUCIE          0.002 87.523    2543
LOVIE          0.002 87.525    2544
LORENZA        0.002 87.527    2545
LONNY          0.002 87.529    2546
LONG           0.002 87.531    2547
LIZBETH        0.002 87.533    2548
LIZABETH       0.002 87.535    2549
LISSETTE       0.002 87.537    2550
LISETTE        0.002 87.539    2551
LISE           0.002 87.541    2552
LINO           0.002 87.543    2553
LINNIE         0.002 87.545    2554
LINNEA         0.002 87.547    2555
LIDA           0.002 87.549    2556
LEN            0.002 87.551    2557
LEISA          0.002 87.553    2558
LEIF           0.002 87.555    2559
LEATRICE       0.002 87.557    2560
LEANDRO        0.002 87.559    2561
LAVON          0.002 87.561    2562
LAVINA         0.002 87.563    2563
LAURETTE       0.002 87.565    2564
LAUREEN        0.002 87.567    2565
LATOSHA        0.002 87.569    2566
LASHANDA       0.002 87.571    2567
LAKESHIA       0.002 87.573    2568
LACIE          0.002 87.575    2569
KYUNG          0.002 87.577    2570
KYRA           0.002 87.579    2571
KYONG          0.002 87.581    2572
KRISTOFER      0.002 87.583    2573
KRAIG          0.002 87.585    2574
KORI           0.002 87.587    2575
KOREY          0.002 87.589    2576
KING           0.002 87.591    2577
KENETH         0.002 87.593    2578
KEELY          0.002 87.595    2579
KASSANDRA      0.002 87.597    2580
KAROLYN        0.002 87.599    2581
KARISSA        0.002 87.601    2582
KAMI           0.002 87.603    2583
KALA           0.002 87.605    2584
JOYCELYN       0.002 87.607    2585
JOSPEH         0.002 87.609    2586
JOSEPHINA      0.002 87.611    2587
JORDON         0.002 87.613    2588
JONNIE         0.002 87.615    2589
JOLEEN         0.002 87.617    2590
JOHNSON        0.002 87.619    2591
JOELLEN        0.002 87.621    2592
JOANIE         0.002 87.623    2593
JERRIE         0.002 87.625    2594
JERRELL        0.002 87.627    2595
JEROMY         0.002 87.629    2596
JERE           0.002 87.631    2597
JERAMY         0.002 87.633    2598
JENNI          0.002 87.635    2599
JENNETTE       0.002 87.637    2600
JENIFFER       0.002 87.639    2601
JENELLE        0.002 87.641    2602
JEANETTA       0.002 87.643    2603
JEANE          0.002 87.645    2604
JC             0.002 87.647    2605
JAROD          0.002 87.649    2606
JANINA         0.002 87.651    2607
JANEEN         0.002 87.653    2608
JAMILA         0.002 87.655    2609
JAIMIE         0.002 87.657    2610
JADA           0.002 87.659    2611
JACINTO        0.002 87.661    2612
ISREAL         0.002 87.663    2613
INGE           0.002 87.665    2614
ILSE           0.002 87.667    2615
ILEANA         0.002 87.669    2616
IKE            0.002 87.671    2617
HYMAN          0.002 87.673    2618
HOYT           0.002 87.675    2619
HOSEA          0.002 87.677    2620
HORTENSE       0.002 87.679    2621
HOLLI          0.002 87.681    2622
HOBERT         0.002 87.683    2623
HERMELINDA     0.002 87.685    2624
HERB           0.002 87.687    2625
HAYWOOD        0.002 87.689    2626
HAYDEN         0.002 87.691    2627
HARLAND        0.002 87.693    2628
HAILEY         0.002 87.695    2629
HAI            0.002 87.697    2630
GRANVILLE      0.002 87.699    2631
GRAIG          0.002 87.701    2632
GISELLE        0.002 87.703    2633
GERDA          0.002 87.705    2634
GEORGIE        0.002 87.707    2635
GAYLORD        0.002 87.709    2636
GASTON         0.002 87.711    2637
GARRET         0.002 87.713    2638
GARNET         0.002 87.715    2639
FRANKLYN       0.002 87.717    2640
FRANCESCO      0.002 87.719    2641
FLORIDA        0.002 87.721    2642
FLORENTINO     0.002 87.723    2643
FILIBERTO      0.002 87.725    2644
FELTON         0.002 87.727    2645
FELISHA        0.002 87.729    2646
FELIPA         0.002 87.731    2647
FELICITAS      0.002 87.733    2648
FAWN           0.002 87.735    2649
FAUSTO         0.002 87.737    2650
FARRAH         0.002 87.739    2651
EZEQUIEL       0.002 87.741    2652
EZEKIEL        0.002 87.743    2653
EVONNE         0.002 87.745    2654
EVIE           0.002 87.747    2655
EUSEBIO        0.002 87.749    2656
ERASMO         0.002 87.751    2657
ERA            0.002 87.753    2658
ENRIQUETA      0.002 87.755    2659
ENA            0.002 87.757    2660
EMMITT         0.002 87.759    2661
ELROY          0.002 87.761    2662
ELLSWORTH      0.002 87.763    2663
ELIZEBETH      0.002 87.765    2664
ELENOR         0.002 87.767    2665
ELDRIDGE       0.002 87.769    2666
ELDEN          0.002 87.771    2667
ELAINA         0.002 87.773    2668
EDMUNDO        0.002 87.775    2669
EDISON         0.002 87.777    2670
EDIE           0.002 87.779    2671
DOUGLASS       0.002 87.781    2672
DORSEY         0.002 87.783    2673
DORINDA        0.002 87.785    2674
DORI           0.002 87.787    2675
DONITA         0.002 87.789    2676
DOMENIC        0.002 87.791    2677
DIAN           0.002 87.793    2678
DESHAWN        0.002 87.795    2679
DEL            0.002 87.797    2680
DEANGELO       0.002 87.799    2681
DAWNA          0.002 87.801    2682
DARRON         0.002 87.803    2683
DARON          0.002 87.805    2684
DARIA          0.002 87.807    2685
DARELL         0.002 87.809    2686
DARCI          0.002 87.811    2687
DANILO         0.002 87.813    2688
DANIELLA       0.002 87.815    2689
CRISTOPHER     0.002 87.817    2690
CRISTOBAL      0.002 87.819    2691
CRISTINE       0.002 87.821    2692
CORTEZ         0.002 87.823    2693
CORINNA        0.002 87.825    2694
CORDELL        0.002 87.827    2695
CORAL          0.002 87.829    2696
COLTON         0.002 87.831    2697
CLEMENTE       0.002 87.833    2698
CLAUD          0.002 87.835    2699
CINTHIA        0.002 87.837    2700
CHRISSY        0.002 87.839    2701
CHERYLE        0.002 87.841    2702
CHERLY         0.002 87.843    2703
CHELSIE        0.002 87.845    2704
CHAS           0.002 87.847    2705
CHARISSE       0.002 87.849    2706
CHANDA         0.002 87.851    2707
CEDRICK        0.002 87.853    2708
CATINA         0.002 87.855    2709
CATHIE         0.002 87.857    2710
CARYL          0.002 87.859    2711
CAROLEE        0.002 87.861    2712
CARMAN         0.002 87.863    2713
CARLOTTA       0.002 87.865    2714
CARLEEN        0.002 87.867    2715
CARINA         0.002 87.869    2716
CANDELARIA     0.002 87.871    2717
CAITLYN        0.002 87.873    2718
BUSTER         0.002 87.875    2719
BUCK           0.002 87.877    2720
BROOK          0.002 87.879    2721
BRODERICK      0.002 87.881    2722
BRITTANI       0.002 87.883    2723
BRIGETTE       0.002 87.885    2724
BOYCE          0.002 87.887    2725
BONNY          0.002 87.889    2726
BLANCH         0.002 87.891    2727
BERNITA        0.002 87.893    2728
BENTON         0.002 87.895    2729
BENEDICT       0.002 87.897    2730
BAMBI          0.002 87.899    2731
ASTRID         0.002 87.901    2732
ASHTON         0.002 87.903    2733
ASA            0.002 87.905    2734
ARTIE          0.002 87.907    2735
ARNOLDO        0.002 87.909    2736
ARMIDA         0.002 87.911    2737
ARLIE          0.002 87.913    2738
ARLEN          0.002 87.915    2739
ARDITH         0.002 87.917    2740
ARDIS          0.002 87.919    2741
ARDEN          0.002 87.921    2742
ARACELY        0.002 87.923    2743
ANTIONE        0.002 87.925    2744
ANH            0.002 87.927    2745
ANDREAS        0.002 87.929    2746
